                                                                                                    
                                                                                                    
                                                                                                    
                                                                                                    
                                                                                                    
                                                                                                    
                                                                                                    
                                                                                                    
                                                                                                    
                                                                                                    
                                                                                                    
                                                                                                    
                                                                                                    
                                                                                                    
                                                                                                    
                                                                                                    
                                                                                                    
                                                                                                    
                                                                                                    
                                                                                                    
                                                                                                    
                                                                                                    
                                                                                                    
                                                                                                    
                                                                                                    
                                                                                                    
                                                                                                    
                                                                                                    
                                                                                                    
                                                                                                    
                                                                                                    
                                                                                                    
                                                                                                    
                                                                                                    
                                                                                                    
                                                                                                    
                                                                                                    
                                                                                                    
                                                                                                    
                                                                                                    
                           0 0222                                    2 2 22                         
                        02 0 0 0 02                               2 2 2 222 2                       
                       0 0 0 0 0 0 02                           2 2 2 222 2 2                       
                      0 0 0 0 0 0 0 02                         2 2 2222 2 2 2 2                     
                     0 0 0 0 0 0 0 0 02                       2 2 222 2 2 2 2 2                     
                    0 0 0 0 0 0 0 0 0 0                       2 222 2 2 2 2 200000000000000000000000
2-0.705978 0.056478 0.705978
                   0 0 0 0 0 0 0 0 0 02                     222 2 2 2000000000000000000000000000000
2                  0 0 0 0 0 0 0 0 0 0 00                    2 200000000000000000000000000          
                   0 0 0 0 0 0 0 0 0 0 02                    200000000000 2 2 2 2                   
                   0 0 0 0 0 0 0 0 0 0 02                   2 2 2 2 2 2 2 2 2 2 2                   
                   0 0 0 0 0 0 0 0 0 0 02                   2 2 2 2 2 2 2 2 2 2 2                   
                   0 0 0 0 0 0 0 0 0 0 02                   2 2 2 2 2 2 2 2 2 2 2                   
                   0 0 0 0 0 0 0 0 0 0 02                    2 2 2 2 2 2 2 2 2 2 2                  
                   0 0 0 0 0 0 0 0 0 0 00                    2 2 2 2 2 2 2 2 2 2 2                  
                    0 0 0 0 0 0 0 0 0 02                     2 2 2 2 2 2 2 2 2 2                    
                    0 0 0 0 0 0 0 0 0 0                       2 2 2 2 2 2 2 2 2 2                   
                     0 0 0 0 0 0 0 0 02                       2 2 2 2 2 2 2 2 2                     
                      0 0 0 0 0 0 0 02                         2 2 2 2 2 2 2 2                      
                       0 0 0 0 0 0 02                           2 2 2 2 2 2 2                       
                        02 0 0 0 02                               2 2 2 2 2 2                       
                           0 0222                                    2 2 2                          
                                                                                                    
                                                                                                    
                                                                                                    
                                                                                                    
                                                                                                    
                                                                                                    
                                                                                                    
                                                                                                    
                                                                                                    
                                                                                                    
                                                                                                    
                                                                                                    
                                                                                                    
                                                                                                    
                                                                                                    
                                                                                                    
                                                                                                    
                                                                                                    
                                                                                                    
                                                                                                    
                                                                                                    
                                                                                                    
                                                                                                    
                                                                                                    
                                                                                                    
                                                                                                    
                                                                                                    
                                                                                                    
                                                                                                    
                                                                                                    
                                                                                                    
                                                                                                    
                                                                                                    
                                                                                                    
                                                                                                    
                                                                                                    
                                                                                                    
                                                                                                    
                                                                                                    
